$ 1 0.000005 1.8479586061009856 26 5 43
s 480 224 480 160 0 1 false
v 480 272 480 224 0 0 40 3.3 0 0 0.5
v 704 144 704 224 0 0 40 12 0 0 0.5
407 512 160 512 224 1
r 704 256 608 256 0 1000
r 512 304 512 240 0 470
r 608 64 608 128 0 10000
162 656 128 656 64 2 default-led 1 1 1 0.001
w 608 192 608 256 0
w 704 224 704 256 0
w 656 176 656 224 0
w 656 224 704 224 0
w 608 160 608 128 0
w 656 128 656 144 0
w 704 64 704 144 0
w 608 64 656 64 0
370 656 64 704 64 1 0 0
370 512 240 512 192 1 0 0
p 656 144 704 144 1 0 0
f 608 160 656 160 32 1.5 0.02
a 176 168 272 168 9 5 0 1000000 1.6607714079443807 1.0999999999999999 100000
a 176 264 272 264 9 5 0 1000000 2.1999999999999997 1.6607714079443807 100000
r 128 56 128 104 0 5000
r 128 104 128 152 0 5000
w 128 152 128 280 0
r 128 280 128 328 0 5000
w 128 152 176 152 0
w 128 104 160 104 0
w 160 104 160 280 0
w 160 280 176 280 0
w 352 176 352 192 0
w 272 184 272 192 0
w 272 192 352 240 0
w 352 240 352 256 0
w 272 240 272 248 0
w 272 240 352 192 0
R 128 56 128 16 0 0 40 3.3 0 0 0.5
R -24 56 -24 24 0 0 40 3.3 0 0 0.5
r -24 56 -24 120 0 10000
r -24 120 -24 184 0 10000
w -24 120 104 120 0
w 104 120 104 352 0
w -24 184 -24 248 0
c -24 248 -24 352 0 3e-7 1.6607714079443807
g -24 352 -24 368 0
r 272 368 352 368 0 10000
w 352 176 384 176 0
w 352 368 384 368 0
153 272 256 352 256 1 2 0 5
153 272 176 352 176 1 2 5 5
w 384 176 384 368 0
O 352 256 352 304 0 0
w -24 184 176 184 0
w -24 248 176 248 0
t 216 368 184 368 0 1 0.5735080965244361 0.6031846700258077 100
w 104 352 184 352 0
g 184 384 184 408 0
w 216 368 272 368 0
x 8 115 77 118 4 16 discharge
x 17 178 62 181 4 16 trigger
x 8 242 73 245 4 16 threshold
w 160 104 160 32 0
x 160 22 224 25 4 16 control
b 402 398 88 40 0
w 128 328 128 384 0
w 128 384 184 384 0
s 448 224 448 160 0 1 false
w 448 160 480 160 0
w 480 160 512 160 0
w 352 256 400 256 0
w 480 272 480 304 0
w 480 304 512 304 0
w 400 256 448 256 0
w 448 256 448 224 0
g 480 304 480 320 0
o 1 2 3 5122 5 0.1 0 1
o 7 2 0 5122 20 0.1 1 2 7 3
o 12 2 0 5122 0.0048828125 0.1 2 2 12 3
o 22 2 0 4099 5 0.0015625 0 2 22 3
o 30 2 0 4106 5 0.00009765625 1 1
