$ 1 0.000005 10.20027730826997 50 5 43
r 176 80 384 80 0 10
s 384 80 448 80 0 1 false
w 176 80 176 352 0
c 384 352 176 352 0 0.000015 2.1879105541227858e-11
l 384 80 384 352 0 1 -2.5645922456407157e-15
v 448 352 448 80 0 0 40 5 0 0 0.5
r 384 352 448 352 0 100
v 480 176 480 208 0 0 40 33 0 0 0.5
v 704 144 704 224 0 0 40 12 0 0 0.5
407 512 160 512 224 1
t 608 160 656 160 0 1 -0.0179225944852059 -11.999999998487255 100
r 704 256 608 256 0 1000
r 512 192 512 288 0 470
r 704 96 608 96 0 10000
162 704 128 656 128 2 default-led 1 0 0 0.01
w 704 96 704 144 0
w 608 192 608 256 0
w 704 224 704 256 0
w 656 176 656 224 0
w 656 224 704 224 0
w 608 160 608 96 0
201 400 16 336 16 0 800 40 5 200
165 224 144 400 -16 6 0
w 656 128 656 144 0
w 480 208 480 240 0
o 4 64 0 4099 0.0000762939453125 0.00009765625 0 2 4 3
o 3 64 0 4099 0.0000762939453125 0.00009765625 1 2 3 3
o 0 64 0 4099 0.0000762939453125 0.00009765625 2 2 0 3
38 3 0 0.000001 0.000101 Capacitance
38 4 0 0.01 1.01 Inductance
38 0 0 1 101 Resistance
h 1 4 3
