$ 1 0.00009999999999999999 0.09200444146293234 40 5 43
s 496 160 448 160 0 0 false
v 720 16 720 224 0 0 40 12 0 0 0.5
407 512 160 512 224 1
r 672 224 608 224 0 1000
r 512 192 448 192 0 470
r 608 160 608 64 0 330000
162 672 80 672 16 2 default-led 1 1 1 0.12
w 608 192 608 224 0
f 640 160 672 160 96 2 0.02
R 448 160 448 128 0 2 1000 3.3 0 0 0.5
g 448 192 448 224 0
w 672 16 640 16 0
w 640 16 608 16 1
w 672 16 720 16 1
w 608 160 640 160 2
w 672 144 672 128 0
w 672 176 672 224 0
w 672 224 720 224 0
w 608 64 608 16 0
w 672 80 672 128 0
403 480 0 592 64 0 13_1_0_53249_0.000091552734375_0.8_0_2_13_3_Prąd\sna\sdiodzie\sLED\s12\sV
w 496 160 512 160 1
403 480 80 592 128 0 21_1_0_86035_6_0.025_0_2_21_3_Napięcie\sz\smC\s3.3\sV
o 8 1 0 5122 20 0.1 0 2 8 3
o 1 1 0 120064 5 0.1 1 2 1 3
o 14 1 0 54531 20 0.00009765625 2 2 14 3
